9
737
641
3
493
972
242
105
970
365
2
622
970
190
426
970
271
113
970
385
2
604
970
208
417
970
270
69
745
484
2
394
970
293
24
810
460
2
450
970
277
76
800
508
2
402
970
264
101
970
365
2
652
970
246
529
970
257
135
970
345
2
622
970
157
453
970
260
162
972
344
2
618
972
210
542
970
260
44
769
579
3
500
970
305
182
970
351
2
631
973
148
483
970
291
309
970
338
2
656
970
225
490
970
314
135
970
344
2
644
970
152
541
970
282
217
970
307
2
663
970
161
524
970
298
292
970
327
2
676
972
124
512
970
254
290
970
322
2
679
970
142
604
970
292
342
970
330
2
655
972
108
560
973
242
317
970
318
2
667
972
151
562
970
259
289
969
314
22
757
592
3
417
970
273
2
744
970
40
259
973
320
2
694
962
124
562
970
280
332
970
294
24
770
548
1
426
970
268
2
682
893
103
603
970
274
401
970
314
16
691
651
3
408
970
308
31
742
560
3
387
970
318
79
746
570
3
434
970
249
116
881
445
2
536
970
267
294
970
294
130
942
385
2
605
970
271
322
970
307
92
727
522
2
413
970
291
115
936
365
2
624
970
281
358
970
296
108
882
406
2
591
972
270
414
970
332
84
746
519
3
457
970
295
78
746
547
3
348
970
312
151
896
348
2
624
972
268
404
970
291
160
967
364
2
627
972
244
367
970
268
147
970
361
2
605
972
291
498
972
289
218
921
337
2
613
972
278
404
970
301
168
939
353
2
594
972
291
415
970
301
176
965
343
2
598
970
267
417
970
298
217
940
353
2
648
972
265
461
970
277
258
968
348
2
652
970
290
428
970
269
200
970
365
2
631
972
321
473
970
296
250
973
344
2
669
972
266
592
970
205
236
970
340
2
648
972
261
471
970
261
225
970
350
2
628
970
230
475
970
280
229
970
340
2
673
972
201
558
972
241
133
969
358
1
615
972
256
529
970
252
259
970
361
2
685
970
260
523
970
268
314
970
338
2
655
972
244
506
970
283
254
970
284
2
686
972
262
591
970
271
274
970
318
2
699
973
207
538
972
279
313
970
338
2
663
972
162
511
970
261
302
970
330
2
690
970
171
576
970
283
319
970
366
2
692
929
176
581
972
280
402
970
312
31
711
589
1
303
970
338
36
708
665
3
305
970
289
30
730
637
3
337
970
329
135
777
374
1
595
970
332
266
970
339
62
730
649
3
308
970
321
41
757
608
3
333
970
294
147
772
408
2
605
970
278
409
970
296
97
678
624
3
402
970
310
145
772
364
2
641
970
270
483
970
280
173
800
384
2
612
970
293
440
973
313
184
800
382
2
597
973
225
356
970
321
94
737
607
3
392
970
304
149
852
394
2
629
972
258
439
970
265
162
825
362
2
598
972
290
346
970
304
122
885
406
2
610
970
297
404
970
292
127
902
385
2
610
973
290
367
970
346
180
898
369
2
650
972
278
477
970
295
122
908
381
2
621
970
271
401
970
290
90
752
559
3
924
607
437
478
589
501
465
523
330
409
586
487
43
598
970
271
70
758
561
3
399
970
246
48
789
557
3
459
970
236
127
970
320
2