361
428
501
387
441
535
410
489
597
432
470
684
514
433
513
504
388
458
506
398
449
498
412
490
848
435
2
1
516
2
1
1
1
1
54
54
84
472
970
4
1
742
972
955
972
798
499
486
481
375
420
477
278
460
485
470
486
409
566
485
508
565
416
532
552
390
485
536
416
454
502
499
497
445
523
478
469
566
421
542
583
403
517
537
276
508
510
469
498
462
514
490
514
532
457
482
526
449
475
494
357
458
519
464
460
497
363
497
918
451
384
970
445
328
449
459
181
474
487
432
338
570
480
397
812
453
363
970
420
300
482
392
242
452
476
355
454
750
318
387
908
434
377
972
398
334
506
485
302
441
507
369
380
552
373
446
769
375
397
969
462
243
401
468
289
410
493
343
436
506
385
507
792
403
413
813
411
391
488
470
406
445
545
328
390
535
352
409
970
308
316
452
497
430
541
555
379
520
535
496
490
480
533
507
459
574
470
486
561
430
507
534
356
478
507
480
471
478
566
493
480
537
480
450
567
415
495
540
422
480
500
453
459
535
433
460
751
399
382
946
435
356
568
459
405
417
482
387
425
543
385
464
847
361
355
973
426
296
754
477
241
460
508
233
402
574
366
470
701
319
432
970
370
319
920
413
226
468
502
64
437
972
272
368
970
400
246
969
457
260
434
560
238
385
560
365
466
714
377
381
970
432
344
969
393
292
436
458
300
426
537
397
358
601
448
433
970
452
384
785
488
340
458
475
238
412
493
403
440
626
375
433
970
376
334
972
415
316
413
410
282
423
717
218
353
384
476
516
511
555
477
517
555
388
519
543
454
509
497
487
495
457
470
519
461
561
468
435
550
424
500
535
402
501
506
453
522
452
562
501
454
461
483
534
556
401
505
533
337
548
602
320
381
590
354
428
752
429
401
972
459
367
454
462
303
452
511
385
427
607
381
428
819
348
403
972
465
246
370
480
361
390
453
400
513
524
350
447
590
495
415
970
413
228
814
399
197
411
571
186
255
890
96
247
970
331
348
447
465
279
474
449
333
356
742
210
420
912