973
637
369
750
546
280
560
576
181
394
446
277
310
756
643
421
963
619
206
728
602
127
520
572
266
464
970
156
320
970
483
240
969
536
3
241
970
140
288
970
338
89
457
820
77
1
969
970
4
1
969
970
4
1
968
970
5
1
969
970
5
1
968
970
2
1
968
970
4
1
968
970
5
1
969
970
4
1
968
970
5
1
969
970
5
1
969
970
4
1
972
970
5
1
969
970
5
1
968
970
4
1
968
970
4
1
969
970
5
1
968
970
5
1
970
970
4
1
968
970
4
1
968
970
5
1
968
970
5
1
968
970
4
1
969
970
5
1
970
970
4
1
968
970
5
1
969
970
5
1
968
970
4
1
968
970
4
1
968
970
5
1
968
972
4
1
969
970
4
1
969
970
4
1
969
970
4
1
968
970
4
1
968
970
5
1
968
970
2
1
968
970
5
1
969
970
4
1
968
970
5
1
969
970
5
1
968
970
4
1
969
970
5
1
969
970
5
1
969
970
5
1
969
970
5
1
968
970
5
1
968
970
4
1
968
970
5
1
970
970
5
1
969
970
5
1
969
970
5
1
968
970
4
1
968
970
4
1
968
970
4
1
968
972
4
1
969
970
4
1
968
970
5
1
969
970
5
1
968
970
5
1
968
970
4
1
969
970
2
1
968
970
5
1
969
970
4
1
968
970
4
1
969
970
5
1
968
970
5
1
969
970
5
1
968
970
4
1
968
970
4
1
968
970
5
1
969
970
5
1
970
970
5
1
969
970
4
1
972
970
5
1
968
970
5
1
968
970
5
1
968
970
5
1
969
970
4
1
969
970
5
1
968
972
5
1
969
970
4
1
969
970
5
1
968
970
5
1
968
970
5
1
969
970
5
1
969
970
2
1
968
970
5
1
968
970
4
1
969
970
5
1
968
970
5
1
968
970
5
1
968
970
5
1
969
970
4
1
968
970
5
1
968
970
5
1
968
970
5
1
969
970
5
1
969
970
5
1
972
970
5
1
968
970
5
1
968
970
5
1
968
970
5
1
969
970
5
1
969
970
4
1
968
972
4
1
969
970
4
1
968
970
5
1
968
970
5
1
968
970
5
1
968
970
4
1
968
970
2
1
969
970
4
1
968
970
5
1
969
970
5
1
968
970
4
1
968
970
5
1
969
970
5
1
968
970
5
1
968
970
5
1
968
970
4
1
968
970
4
1
969
970
5
1
968
970
5
1
970
970
4
1
968
970
4
1
969
970
4
1
969
970
4
1
968
970
5
1
969
970
5
1
968
972
4
1
969
970
5
1
972
970
5
1
968
970
5
1
968
970
5
1
968
970
5
1
969
970
1
1
968
970
5
1
968
970
5
1
969
970
5
1
968
970
5
1
968
970
5
1
969
970
4
1
969
970
5
1
969
970
4
1
969
970
4
1
969
970
4
1
969
970
5
1
968
970
5
1
972
970
5
1
969
970
5
1
969
970
4
1
968
970
5
1
969
970
5
1
968
970
5
1
969
972
5
1
968
970
5
1
968
970
5
1
969
970
4
1
969
970
5
1
969
970
5
1
968
970
2
1
969
970
5
1
969
970
4
1
969
970
5
1
969
970
5
1
968
970
5
1
969
970
4
1
969
970
4
1
969
970
5
1
969
970
5
1
968
970
5
1
969
970
5
1
969
970
4
1
972
970
4
1
969
970
4
1
969
970
5
1
969
970
4
1
969
970
4
1
968
970
5
1
972
970
5
1
969
970
5
1
969
970
4
1
969
970
4
1
968
970
4
1
969
970
5
1
968
972
5
1
968
970
5
1
968
970
5
1
968
970
5
1
969
970
5
1
969
970
5
1
970
970
2
1
968
970
4
1
969
970
5
1
968
970
4
1
969
970
4
1
968
970
4
1
968
970
5
1
968
970
5
1
968
970
4
1
968
970
4
1
969
970
4
1
969
970
4
1
969
970
5
1
970
970
5
1
969
970
5
1
969
970
5
1
969
970
4
1
969
970
4
1
969
970
4
1
968
972
5
1
969
970
4
1
968
970
5
1
969
970
5
1
968
970
4
1
968
970
5
1
969
970
2
1
969
970
5
1
969
970
4
1
969
970
5
1
969
970
5
1
969
970
5
1
969
970
4
1
969
970
5
1
968
970
4
1
969
970
4
1
969
970
5
1
968
970
5
1
969
970
4
1
972
970
5
1
969
970
4
1
968
970
5
1
968
970
5
1
968
970
5
1
969
970
5
1
968
972
5
1
968
970
5
1
969
970
5
1
969
970
4
1
969
970
5
1
969
970
5
1
969
970
2
1
969
970
5
1
969
970
4
1
969
970
4
1