970
972
41
969
746
3
253
970
970
89
969
726
3
267
970
970
136
970
561
3
437
885
4
1
337
854
3
1
516
821
14
116
973
772
3
472
796
3
62
2
970
970
177
970
618
90
1
913
970
246
970
705
128
969
620
3
326
970
972
270
970
747
140
969
636
3
349
970
970
252
970
708
126
969
610
1
357
970
970
281
970
685
87
1
970
969
163
969
810
61
1
970
973
265
970
837
91
3
970
970
174
970
849
126
970
541
3
404
972
972
238
970
826
125
969
569
3
402
972
972
269
970
790
147
969
562
3
400
970
973
322
970
811
130
969
550
2
392
937
972
277
970
949
327
970
433
60
2
969
777
230
970
488
27
2
970
970
292
970
716
198
650
475
2
305
970
879
289
973
548
37
1
970
917
334
970
492
225
969
476
1
366
970
972
312
970
494
98
2
970
658
274
970
593
12
1
970
672
338
970
485
133
487
632
3
458
972
843
289
970
513
96
1
970
972
344
970
502
2
452
888
939
382
970
972
400
970
672
116
969
406
2
375
970
972
312
970
528
135
969
459
2
308
973
972
279
970
453
82
2
919
801
396
970
463
68
2
877
852
384
970
445
181
970
458
2
333
970
972
346
970
485
124
970
456
2
373
972
972
374
970
558
159
970
475
1
418
970
970
344
970
439
189
969
435
2
313
970
970
366
970
511
115
969
487
2
345
970
970
342
970
476
174
969
463
2
394
970
972
329
970
487
113
970
485
2
337
973
972
268
970
411
149
969
471
2
364
970
970
303
970
390
159
969
428
2
428
970
973
268
970
405
91
2
970
970
241
970
397
127
969
432
2
318
970
970
339
970
389
113
970
396
2
363
970
970
305
970
334
178
969
388
2
324
972
970
303
970
409
135
972
451
2
396
948
970
250
970
349
241
969
436
2
254
970
970
345
970
421
137
972
392
2
385
972
970
320
970
374
105
969
513
3
343
970
970
302
970
401
196
969
404
2
385
970
970
303
970
430
253
970
490
2
401
948
970
333
970
388
122
969
375
1
357
852
970
330
970
401
189
969
466
2
386
918
969
334
970
464
236
969
397
2
413
970
970
326
970
389
216
970
536
3
399
948
970
345
970
356
229
970
433
2
378
973
970
289
970
381
255
969
430
2
373
920
969
349
972
519
236
969
404
2
353
884
972
269
970
434
176
970
543
3
338
909
970
330
970
366
212
970
427
2
362
830
970
306
970
363
256
970
453
2
387
865
970
309
970
377
232
970
442
13
550
576
3
206
972
410
43
570
600
3
280
969
481
22
546
561
3
246
973
426
31
536
559
3
180
969
430
2
388
878
969
284
970
624
226
970
457
105
1
783
970
295
970
727
202
970
482
1
364
824
970
248
970
787
207
969
560
3
257
747
970
240
970
718
230
969
480
31
403
531
2
242
969
504
18
584
595
210
306
792
970
216
970
681
219
970
494
2
341
825
970
271
970
619
234
970
555
25
252
500
10
244
969
748
192
969
514
3
351
825
972
240
970
820
166
969
562
3
362
804
970
189
970
862
162
969
561
3
376
823
970
200
970
840
156
950
673
3
349
760
970
189
970
819
125
970
541
3
425
900
970
173
973
962
134
969
596
3
444
811
969
243
970
825
146
970
609
3
425
746
969
219
970
967
196
970
617
3
448
722
972
217
970
880
157
970
610
3
446
785
970
201
970
953
184
970
725
3
460
735
970
189
970
970
173
970
624
3
490
753
970
190
970
970
211
973
716
3
446
677
970
246
970
972
229
970
610
45
1
970
972
204
972
776
88
1
973
972
302
970
697
100
1
682
972
232
970
972
209
970
649
91
2
970
970
267
945
846
96
1
970
970
283
970
763
101
1
715
970
219
970
972
247
970
657
163
2
654
973
247
952
970
246
970
810
113
1
651
970
204
876
970
265
970
783
184
17
436
284
475
601
972
264
726
970
292
892
754
197
1
614
972
252
831
969
285
931
646
188
139
480
21
462
600
972
248
838
970
378
970
537
258
156
436
77
470
522
970
262
777
970
329
970
711
234
416
398
84
486
618
972
284
782
970
330
972
824
255
593
348
53
523
531
972
319
774
970
368
970
636
261
726
369
74
514
470
972
338
663
972
412
795
756
302
774
429
69
501
513
804
344
858
970
325
970
452
104
970
429
81
429
615
522
360
796
970
356
970
560
330
970
508
2
266
794
970
352
970
502
226
970
452
152
2
711
970
328
970
442
267
970
456
108
1
790
970
353
970
378
253
970
472
163
2
766
969
306
871
576
298
970
478
129
1
711
969
333
970
422
320
973
448
98
489
517
321
351
754
970
328
970
448
367
970